0.01125587 0.997 0.902 0.956 0.928
0.012 0.996 0.9 0.864 0.882

0.0022257 0.999 0.984 0.985 0.984
0.012 0.997 0.94 0.881 0.909

0.00147938 1.0 0.989 0.99 0.99
0.02 0.995 0.77 0.895 0.828

0.00108138 1.0 0.992 0.993 0.992
0.01 0.998 0.931 0.951 0.94

0.00087023 1.0 0.994 0.994 0.994
0.02 0.997 0.912 0.912 0.912

0.00072013 1.0 0.995 0.995 0.995
0.013 0.997 0.888 0.939 0.913

0.00087863 1.0 0.994 0.994 0.994
0.031 0.995 0.728 0.931 0.817

0.00059365 1.0 0.996 0.996 0.996
0.018 0.997 0.858 0.931 0.893

0.00066659 1.0 0.995 0.995 0.995
0.02 0.996 0.795 0.96 0.869

0.00056443 1.0 0.996 0.996 0.996
0.013 0.996 0.858 0.902 0.879

0.00059588 1.0 0.996 0.996 0.996
0.014 0.997 0.894 0.943 0.918

0.00051704 1.0 0.996 0.997 0.996
0.017 0.996 0.906 0.865 0.885

0.00061574 1.0 0.996 0.996 0.996
0.014 0.998 0.927 0.93 0.929

0.00042668 1.0 0.997 0.997 0.997
0.018 0.997 0.846 0.972 0.905

0.00047297 1.0 0.997 0.997 0.997
0.02 0.996 0.782 0.938 0.853

0.00048032 1.0 0.997 0.997 0.997
0.028 0.994 0.677 0.961 0.794

0.00053675 1.0 0.997 0.997 0.997
0.04 0.994 0.662 0.961 0.784

0.00039054 1.0 0.997 0.998 0.997
0.029 0.995 0.716 0.971 0.824

0.00041411 1.0 0.998 0.997 0.997
0.029 0.997 0.807 0.982 0.886

0.00045241 1.0 0.997 0.997 0.997
0.033 0.996 0.767 0.958 0.852

0.00052362 1.0 0.997 0.997 0.997
0.028 0.996 0.807 0.954 0.874

0.00056024 1.0 0.997 0.997 0.997
0.026 0.995 0.891 0.836 0.863

0.00037618 1.0 0.997 0.997 0.997
0.029 0.998 0.894 0.967 0.929

0.0004594 1.0 0.997 0.997 0.997
0.016 0.997 0.861 0.969 0.912

0.00039256 1.0 0.998 0.998 0.998
0.025 0.997 0.876 0.921 0.898

0.00035987 1.0 0.998 0.998 0.998
0.034 0.998 0.918 0.959 0.938

0.00038804 1.0 0.997 0.998 0.998
0.027 0.997 0.855 0.928 0.89

0.00033004 1.0 0.998 0.998 0.998
0.041 0.995 0.764 0.937 0.842

0.0003425 1.0 0.998 0.998 0.998
0.029 0.997 0.819 0.964 0.886

0.00034909 1.0 0.998 0.998 0.998
0.038 0.997 0.849 0.959 0.901

0.00027487 1.0 0.998 0.998 0.998
0.031 0.998 0.876 0.967 0.919

0.00031771 1.0 0.998 0.998 0.998
0.06 0.997 0.861 0.938 0.898

0.00028735 1.0 0.998 0.998 0.998
0.059 0.998 0.918 0.95 0.934

0.00028777 1.0 0.998 0.998 0.998
0.054 0.997 0.924 0.895 0.909

0.00025001 1.0 0.998 0.998 0.998
0.115 0.997 0.807 0.971 0.881

0.00030645 1.0 0.998 0.998 0.998
0.097 0.997 0.822 0.982 0.895

0.0002636 1.0 0.998 0.998 0.998
0.093 0.996 0.825 0.945 0.881

0.00033023 1.0 0.998 0.998 0.998
0.177 0.996 0.746 0.972 0.844

0.00019801 1.0 0.999 0.998 0.998
0.187 0.997 0.864 0.947 0.904

0.00024337 1.0 0.998 0.998 0.998
0.194 0.997 0.909 0.904 0.907

0.000282 1.0 0.998 0.998 0.998
0.183 0.996 0.77 0.951 0.851

0.00019638 1.0 0.998 0.999 0.999
0.337 0.994 0.665 0.978 0.791

0.00024855 1.0 0.998 0.998 0.998
0.32 0.995 0.71 0.944 0.81

0.00020056 1.0 0.999 0.999 0.999
0.281 0.995 0.731 0.938 0.822

0.00030245 1.0 0.998 0.998 0.998
0.33 0.996 0.773 0.959 0.856

0.0001957 1.0 0.999 0.999 0.999
0.355 0.994 0.704 0.928 0.801

0.00024809 1.0 0.999 0.999 0.999
0.416 0.997 0.864 0.973 0.915

0.00026389 1.0 0.998 0.998 0.998
0.208 0.997 0.831 0.972 0.896

0.00030132 1.0 0.998 0.998 0.998
0.121 0.996 0.867 0.875 0.871

0.000176 1.0 0.999 0.999 0.999
0.286 0.995 0.713 0.967 0.821

0.00021729 1.0 0.999 0.999 0.999
0.32 0.996 0.81 0.944 0.872

0.00028153 1.0 0.998 0.998 0.998
0.328 0.996 0.861 0.911 0.885

0.00017323 1.0 0.999 0.999 0.999
0.515 0.997 0.849 0.972 0.906

0.00030842 1.0 0.998 0.998 0.998
0.325 0.996 0.764 0.977 0.858

0.00018541 1.0 0.999 0.999 0.999
0.381 0.998 0.931 0.957 0.943

0.00018104 1.0 0.999 0.999 0.999
0.521 0.997 0.819 0.964 0.886

0.00032446 1.0 0.999 0.999 0.999
0.649 0.996 0.825 0.935 0.876

0.00023145 1.0 0.999 0.998 0.998
0.429 0.998 0.924 0.944 0.934

0.00016779 1.0 0.999 0.999 0.999
0.986 0.997 0.828 0.948 0.884

0.00024592 1.0 0.999 0.998 0.998
1.183 0.997 0.867 0.935 0.9

0.00023186 1.0 0.999 0.999 0.999
0.956 0.996 0.795 0.933 0.858

0.0001681 1.0 0.999 0.999 0.999
1.426 0.996 0.782 0.963 0.863

0.00035828 1.0 0.999 0.998 0.998
0.876 0.997 0.816 0.978 0.89

0.00016199 1.0 0.999 0.999 0.999
0.821 0.998 0.894 0.997 0.943

0.00021255 1.0 0.999 0.999 0.999
0.956 0.996 0.852 0.916 0.883

0.00020574 1.0 0.999 0.999 0.999
1.297 0.996 0.779 0.963 0.861

0.00019549 1.0 0.999 0.999 0.999
1.261 0.995 0.755 0.951 0.842

0.00023847 1.0 0.999 0.999 0.999
0.899 0.996 0.779 0.942 0.853

0.00027822 1.0 0.999 0.999 0.999
0.685 0.997 0.888 0.922 0.905

0.00019447 1.0 0.999 0.999 0.999
1.327 0.996 0.773 0.952 0.853

0.00014461 1.0 0.999 0.999 0.999
1.724 0.996 0.801 0.96 0.873

0.00028705 1.0 0.999 0.999 0.999
1.276 0.998 0.918 0.962 0.94

0.00026718 1.0 0.999 0.999 0.999
2.269 0.996 0.782 0.942 0.855

0.00020496 1.0 0.998 0.999 0.999
1.439 0.997 0.846 0.949 0.895

0.00032211 1.0 0.999 0.999 0.999
0.899 0.998 0.879 0.964 0.919

0.00019322 1.0 0.999 0.999 0.999
0.496 0.997 0.852 0.976 0.91

0.00017791 1.0 0.999 0.999 0.999
0.91 0.997 0.855 0.966 0.907

0.00032419 1.0 0.998 0.999 0.998
0.707 0.998 0.888 0.974 0.929

0.00016106 1.0 0.999 0.999 0.999
0.987 0.997 0.831 0.975 0.897

0.0001557 1.0 0.999 0.999 0.999
1.493 0.998 0.891 0.952 0.92

0.00028505 1.0 0.998 0.999 0.999
1.593 0.998 0.894 0.964 0.928

0.00019341 1.0 0.999 0.999 0.999
1.373 0.995 0.734 0.935 0.822

0.00019043 1.0 0.999 0.999 0.999
2.134 0.996 0.921 0.857 0.888

0.00021354 1.0 0.999 0.999 0.999
2.556 0.997 0.837 0.969 0.898

0.00023748 1.0 0.998 0.999 0.998
1.831 0.995 0.858 0.861 0.859

0.00015863 1.0 0.999 0.999 0.999
2.642 0.996 0.885 0.875 0.88

0.00031273 1.0 0.999 0.999 0.999
2.223 0.997 0.831 0.958 0.89

0.00018003 1.0 0.998 0.999 0.999
3.2 0.996 0.816 0.938 0.872

0.00018041 1.0 0.999 0.999 0.999
3.648 0.997 0.852 0.949 0.898

0.00019259 1.0 0.999 0.999 0.999
4.05 0.997 0.837 0.958 0.894

0.0001789 1.0 0.999 0.999 0.999
5.656 0.996 0.822 0.944 0.879

0.00017037 1.0 0.999 0.999 0.999
5.807 0.996 0.782 0.963 0.863

0.00025675 1.0 0.998 0.999 0.999
2.795 0.998 0.888 0.974 0.929

9e-05 1.0 0.999 0.999 0.999
3.109 0.998 0.885 0.973 0.927

9.72e-05 1.0 0.999 0.999 0.999
4.418 0.996 0.77 0.97 0.859

0.00038394 1.0 0.998 0.998 0.998
2.137 0.996 0.782 0.974 0.868

0.00010029 1.0 0.999 0.999 0.999
2.951 0.996 0.776 0.966 0.861

0.00029137 1.0 0.999 0.999 0.999
2.499 0.997 0.879 0.96 0.918

0.00016061 1.0 0.999 0.999 0.999
3.042 0.998 0.882 0.983 0.93

0.00011 1.0 0.999 0.999 0.999
7.783 0.998 0.891 0.98 0.934

0.00028214 1.0 0.999 0.999 0.999
3.473 0.997 0.834 0.982 0.902

0.00022072 1.0 0.999 0.999 0.999
2.63 0.997 0.819 0.968 0.887

0.00019517 1.0 0.999 0.999 0.999
2.569 0.997 0.825 0.982 0.897

8.746e-05 1.0 0.999 0.999 0.999
3.865 0.997 0.819 0.982 0.893

0.00055391 1.0 0.998 0.998 0.998
3.111 0.998 0.891 0.955 0.922

0.00014139 1.0 0.999 0.999 0.999
4.237 0.997 0.894 0.889 0.892

0.00011492 1.0 0.999 0.999 0.999
2.836 0.995 0.903 0.806 0.852

0.00023785 1.0 0.998 0.999 0.999
6.255 0.996 0.861 0.877 0.869

0.00018156 1.0 0.999 0.999 0.999
5.686 0.997 0.882 0.951 0.915

0.00016941 1.0 0.999 0.999 0.999
4.803 0.996 0.758 0.958 0.847

0.00049302 1.0 0.999 0.999 0.999
4.559 0.997 0.867 0.966 0.914

0.00021789 1.0 0.999 0.999 0.999
4.265 0.997 0.909 0.92 0.915

0.00017967 1.0 0.999 0.999 0.999
5.448 0.997 0.846 0.966 0.902

0.00021668 1.0 0.999 0.999 0.999
8.066 0.998 0.876 0.967 0.919

0.00011685 1.0 0.999 0.999 0.999
9.745 0.997 0.849 0.969 0.905

0.0002246 1.0 0.999 0.999 0.999
9.925 0.997 0.855 0.976 0.911

0.0005314 1.0 0.999 0.999 0.999
13.537 0.998 0.873 0.976 0.922

0.00011718 1.0 0.999 0.999 0.999
12.313 0.996 0.825 0.945 0.881

0.00034156 1.0 0.998 0.998 0.998
12.358 0.995 0.761 0.947 0.844

0.00019865 1.0 0.999 0.999 0.999
11.33 0.996 0.846 0.909 0.876

0.00025275 1.0 0.999 0.999 0.999
8.996 0.995 0.746 0.954 0.837

0.00016188 1.0 0.999 0.999 0.999
8.293 0.995 0.825 0.864 0.844

0.00028833 1.0 0.998 0.998 0.998
16.655 0.995 0.801 0.877 0.837

0.00012192 1.0 0.999 0.999 0.999
16.348 0.995 0.773 0.877 0.822

0.00020216 1.0 0.999 0.999 0.999
16.256 0.994 0.731 0.874 0.796

0.00034793 1.0 0.999 0.999 0.999
10.052 0.992 0.586 0.843 0.692

0.00019206 1.0 0.999 0.999 0.999
13.017 0.995 0.683 0.987 0.807

0.00014007 1.0 0.999 0.999 0.999
17.017 0.995 0.81 0.884 0.845

0.00019901 1.0 0.999 0.999 0.999
20.905 0.996 0.776 0.966 0.861

0.00024593 1.0 0.998 0.999 0.999
21.478 0.996 0.798 0.964 0.873

0.00022702 1.0 0.999 0.999 0.999
21.038 0.997 0.852 0.949 0.898

0.00024394 1.0 0.999 0.999 0.999
20.336 0.996 0.782 0.985 0.872

0.00016332 1.0 0.999 0.999 0.999
19.072 0.997 0.861 0.979 0.916

0.00028437 1.0 0.999 0.999 0.999
10.353 0.997 0.855 0.959 0.904

9.226e-05 1.0 0.999 0.999 0.999
13.332 0.997 0.828 0.972 0.894

0.00033561 1.0 0.999 0.999 0.999
13.103 0.996 0.746 0.988 0.85

0.0002877 1.0 0.998 0.999 0.999
22.516 0.996 0.785 0.959 0.864

0.00019723 1.0 0.999 0.999 0.999
21.763 0.997 0.828 0.986 0.9

0.00016328 1.0 0.999 0.999 0.999
22.633 0.996 0.822 0.948 0.88

0.00026228 1.0 0.999 0.999 0.999
27.793 0.997 0.846 0.969 0.903

0.00011593 1.0 0.999 0.999 0.999
24.067 0.997 0.837 0.965 0.896

0.00036874 1.0 0.998 0.998 0.998
25.542 0.997 0.813 0.978 0.888

0.00017646 1.0 0.999 0.999 0.999
30.578 0.997 0.909 0.932 0.92

0.00018944 1.0 0.999 0.999 0.999
28.735 0.997 0.9 0.917 0.909

0.00022208 1.0 0.998 0.999 0.999
42.948 0.997 0.849 0.949 0.896

0.00016373 1.0 0.999 0.999 0.999
32.075 0.997 0.807 0.993 0.89

0.00022005 1.0 0.999 0.999 0.999
38.39 0.995 0.831 0.859 0.845

0.00019122 1.0 0.999 0.999 0.999
18.706 0.993 0.785 0.762 0.774

0.00012978 1.0 0.999 0.999 0.999
29.799 0.993 0.782 0.76 0.771

0.00021242 1.0 0.999 0.999 0.999
15.592 0.994 0.891 0.766 0.824

