0.01706025 0.995 0.664 0.724 0.693
0.013 0.994 0.791 0.837 0.813

0.0050889 0.998 0.9 0.878 0.889
0.009 0.995 0.875 0.831 0.853

0.00409108 0.998 0.922 0.892 0.907
0.008 0.996 0.858 0.919 0.887

0.00359044 0.999 0.938 0.899 0.918
0.007 0.998 0.93 0.922 0.926

0.0032521 0.999 0.95 0.903 0.926
0.009 0.996 0.89 0.869 0.879

0.00297652 0.999 0.954 0.904 0.929
0.007 0.997 0.933 0.884 0.908

0.00276545 0.999 0.959 0.908 0.933
0.007 0.997 0.983 0.869 0.922

0.00264256 0.999 0.962 0.91 0.935
0.007 0.997 0.898 0.931 0.914

0.00254637 0.999 0.963 0.912 0.937
0.007 0.997 0.904 0.937 0.92

0.00240395 0.999 0.966 0.914 0.939
0.007 0.998 0.962 0.914 0.938

0.0023396 0.999 0.973 0.911 0.941
0.009 0.997 0.968 0.886 0.925

0.00225342 0.999 0.973 0.914 0.943
0.011 0.996 0.878 0.873 0.875

0.00215189 0.999 0.977 0.913 0.944
0.007 0.998 0.953 0.921 0.937

0.00210026 0.999 0.977 0.915 0.945
0.013 0.997 0.953 0.877 0.914

0.00211284 0.999 0.974 0.917 0.944
0.009 0.998 0.965 0.907 0.935

0.00201168 0.999 0.977 0.919 0.947
0.008 0.998 0.959 0.909 0.934

0.00201039 0.999 0.979 0.917 0.947
0.01 0.998 0.965 0.907 0.935

0.00192315 0.999 0.98 0.92 0.949
0.007 0.998 0.983 0.916 0.948

0.00191895 0.999 0.98 0.921 0.95
0.016 0.997 0.904 0.899 0.901

0.00196297 0.999 0.981 0.918 0.948
0.01 0.998 0.962 0.909 0.935

0.00189596 0.999 0.981 0.921 0.95
0.013 0.997 0.974 0.868 0.918

0.00182317 0.999 0.983 0.922 0.952
0.011 0.997 0.968 0.886 0.925

0.00187807 0.999 0.982 0.922 0.951
0.013 0.996 0.916 0.877 0.896

0.00184896 0.999 0.982 0.92 0.95
0.011 0.998 0.974 0.896 0.933

0.00180818 0.999 0.983 0.921 0.951
0.018 0.996 0.985 0.819 0.894

0.00183069 0.999 0.982 0.924 0.952
0.018 0.995 0.89 0.843 0.866

0.0018131 0.999 0.983 0.922 0.951
0.012 0.997 0.927 0.904 0.915

0.00181719 0.999 0.983 0.923 0.952
0.015 0.997 0.983 0.864 0.92

0.00175537 0.999 0.982 0.925 0.952
0.009 0.998 0.962 0.93 0.946

0.00179011 0.999 0.983 0.923 0.952
0.023 0.995 0.962 0.792 0.869

0.00172371 0.999 0.986 0.924 0.954
0.013 0.997 0.965 0.881 0.921

0.00174733 0.999 0.983 0.925 0.953
0.013 0.998 0.971 0.903 0.936

0.00176689 0.999 0.985 0.925 0.954
0.012 0.998 0.965 0.9 0.931

0.00168533 0.999 0.984 0.927 0.955
0.014 0.997 0.939 0.902 0.92

0.00172893 0.999 0.983 0.924 0.953
0.035 0.993 0.887 0.742 0.808

